1 24044959
2 3816442
3 766875
4 391896
5 179663
6 117364
7 77283
8 56741
9 42122
10 32527
11 24667
12 19311
13 15601
14 12748
15 10398
16 8736
17 7149
18 6142
19 5354
20 4579
21 3929
22 3497
23 3063
24 2551
25 2363
26 1986
27 1858
28 1625
29 1412
30 1248
31 1073
32 1076
33 949
34 815
35 804
36 704
37 688
38 632
39 553
40 496
41 473
42 447
43 456
44 372
45 372
46 373
47 334
48 320
49 270
50 274
51 242
52 225
53 237
54 212
55 231
56 205
57 188
58 161
59 186
60 147
61 140
62 148
63 123
64 118
65 126
66 128
67 100
68 111
69 109
70 93
71 107
72 89
73 72
74 74
75 89
76 75
77 72
78 86
79 65
80 54
81 75
82 65
83 58
84 54
85 46
86 48
87 41
88 42
89 36
90 45
91 39
92 42
93 39
94 43
95 29
96 35
97 32
98 31
99 25
100 28
101 26
102 23
103 16
104 20
105 24
106 28
107 26
108 16
109 24
110 23
111 14
112 21
113 27
114 16
115 28
116 23
117 16
118 14
119 14
120 12
121 12
122 10
123 11
124 19
125 15
126 12
127 20
128 18
129 8
130 9
131 12
132 16
133 8
134 5
135 8
136 8
137 6
138 8
139 5
140 14
141 4
142 7
143 8
144 6
145 14
146 6
147 7
148 9
149 11
150 5
151 4
152 5
153 11
154 3
155 5
156 5
157 8
158 7
159 4
160 4
161 4
162 2
164 2
165 6
166 5
167 3
168 3
169 5
170 3
171 4
172 3
174 1
175 2
176 2
177 3
178 4
179 3
180 5
181 6
182 1
183 2
184 2
185 1
187 2
188 1
189 4
190 2
191 5
192 1
193 3
194 1
195 3
196 1
197 2
198 1
199 1
200 2
202 3
203 3
204 4
208 1
210 1
211 2
212 1
213 1
214 1
216 2
218 1
219 1
220 1
224 3
227 2
228 1
229 2
231 3
232 1
233 1
234 1
235 2
236 1
237 1
238 1
239 1
240 1
245 1
246 1
247 1
255 1
256 2
257 2
258 2
260 1
268 1
274 1
279 1
281 1
289 1
294 1
297 1
298 1
299 1
304 1
308 1
310 1
311 1
338 1
344 1
363 1
368 1
419 2
438 1
439 1
449 1
478 1
496 1
516 1
518 1
519 1
545 1
555 1
667 1
677 1
819 1
966 1
